version https://git-lfs.github.com/spec/v1
oid sha256:c19cf3a2e3b2ddbfe43bfcfcee72e11f2918046895141218f8c7a94e3bfa0fc9
size 38039
