version https://git-lfs.github.com/spec/v1
oid sha256:96f642ff7d16ba6c3da5e6f688e66e35c57add971984f9e8f09b68c40eab9174
size 38070
