version https://git-lfs.github.com/spec/v1
oid sha256:2905893d55e6b1c8e517a53c2e526da793abd88813671771eddddf2bf84b90db
size 37725
