version https://git-lfs.github.com/spec/v1
oid sha256:edc470ab45cb1091afaded167fde00fbf778629bc75333953fab56bb555854d6
size 41607
