version https://git-lfs.github.com/spec/v1
oid sha256:2a2106af6bd57461f0d419ecf75a09f203dc973135051222625b4c2543a9c3b6
size 82090
