version https://git-lfs.github.com/spec/v1
oid sha256:a43993e896d3e723b2ef4d2d7c5dab047d5997378bf05b36bfe454c333718433
size 74653
