version https://git-lfs.github.com/spec/v1
oid sha256:f7720d99446d485940250cfbc9f583ba4be659bf80b18c9247e1296448d0240b
size 41461
