version https://git-lfs.github.com/spec/v1
oid sha256:3b19c9241183ff7aeee0b30e5b9951206fac7f696c47011a3dcb75b15e891699
size 81892
