version https://git-lfs.github.com/spec/v1
oid sha256:e312ab5dda97e1f1dab4516d5a5d5732efa8066ddf19e2e1a9e1b54917a09dd7
size 41460
