version https://git-lfs.github.com/spec/v1
oid sha256:97949c1d32f5b7caccfba609c42fe2022a97301c0a9155c67ed95c5702c3739e
size 41471
