version https://git-lfs.github.com/spec/v1
oid sha256:f19d3f974f225e13c11015e449aacf052b6f3015fe0eef6f7f1a9c0cc2861217
size 80863
