version https://git-lfs.github.com/spec/v1
oid sha256:796b073608e6fb3bda345b1610b5aff6a80d5629140feaa20c0c5b19155d62bd
size 81266
